12

  6   9   9  -1  -1  -3  -1   5   5   9  -6  -2 
  4  -6  -3   6  -5  -3  -1  -3  -8   0  -4   1 
 -9   2  -1   3  -4  -4  -1   1  -7  -7  -5  -7 
 -8  -6   3   1   0   8   3   4  -1  -5   8   6 
  5  -8   8   3   9   1  -4  -8  -1  -3   7   9 
 -8  -3   9  -2  -2  -8   2  -7  -2   8   4  -5 
  5  -3  -2   0  -6  -4  -4  -1   0   8   6  -4 
  9   4   7   0  -8   9   3  -8   9  -4   9  -6 
 -9   7   7  -3  -8   2  -2   8   7   2   7  -6 
 -5  -9  -8   2  -4   5   3  -6  -4  -7   1  -7 
  7  -9   7  -5   5  -8   4  -6   9   0   1  -4 
 -2   0   0  -1  -7  -5   3   2  -6   7   1   9 

// det = 2.246929e+12