11

  8  -7   2  -9  -8   8   1   3  -5   2  -8 
  3  -6   2   9   3  -3  -1  -9   0   9   4 
 -2   2   1   0  -7  -4   0  -7  -2   2   6 
 -1   3   5  -6   2   5  -1  -1   0  -5   6 
  0  -8  -3   6  -7   3   4   4  -7   9  -1 
  1  -8   0  -7  -4  -7  -3   3   0   6   1 
 -8  -5   8   7   9  -3   9   2   3   2   6 
  2  -2  -6  -8  -7  -2  -9   9  -3   9  -9 
 -2  -4  -3   5  -1  -8  -9   1   5   2   8 
  5   5  -3   0   3   0   3  -5   9  -8  -2 
  9   0   2  -9   5   5  -5  -2  -5  -8  -5 

// det = 2.334808e+10